Label Relation========================================
Original A: tensor([[1., 0., 0.,  ..., 0., 0., 0.],
        [0., 1., 1.,  ..., 0., 0., 0.],
        [0., 1., 1.,  ..., 0., 0., 0.],
        ...,
        [0., 0., 0.,  ..., 1., 0., 0.],
        [0., 0., 0.,  ..., 0., 1., 1.],
        [0., 0., 0.,  ..., 0., 1., 1.]])
Shape: torch.Size([2708, 2708])

Gold Label Y: tensor([[0., 0., 0.,  ..., 0., 0., 0.],
        [0., 0., 0.,  ..., 1., 0., 0.],
        [0., 0., 0.,  ..., 1., 0., 0.],
        ...,
        [0., 0., 0.,  ..., 0., 0., 0.],
        [0., 0., 0.,  ..., 0., 0., 0.],
        [0., 0., 0.,  ..., 0., 0., 0.]])
Shape: torch.Size([2708, 7])

Transpose of Y: tensor([[0., 0., 0.,  ..., 0., 0., 0.],
        [0., 0., 0.,  ..., 0., 0., 0.],
        [0., 0., 0.,  ..., 0., 0., 0.],
        ...,
        [0., 1., 1.,  ..., 0., 0., 0.],
        [0., 0., 0.,  ..., 0., 0., 0.],
        [0., 0., 0.,  ..., 0., 0., 0.]])
Shape: torch.Size([7, 2708])

Gold A: tensor([[1., 0., 0.,  ..., 1., 1., 1.],
        [0., 1., 1.,  ..., 0., 0., 0.],
        [0., 1., 1.,  ..., 0., 0., 0.],
        ...,
        [1., 0., 0.,  ..., 1., 1., 1.],
        [1., 0., 0.,  ..., 1., 1., 1.],
        [1., 0., 0.,  ..., 1., 1., 1.]])
Shape: torch.Size([2708, 2708])

Sorted gold Y: tensor([[1., 0., 0.,  ..., 0., 0., 0.],
        [1., 0., 0.,  ..., 0., 0., 0.],
        [1., 0., 0.,  ..., 0., 0., 0.],
        ...,
        [0., 0., 0.,  ..., 0., 0., 1.],
        [0., 0., 0.,  ..., 0., 0., 1.],
        [0., 0., 0.,  ..., 0., 0., 1.]])
Shape: torch.Size([2708, 7])

Sorted gold Y indices: tensor([2099, 2098, 2133,  ...,  955,  181, 1396])
Shape: torch.Size([2708])

Gold A: tensor([[1., 1., 1.,  ..., 0., 0., 0.],
        [1., 1., 1.,  ..., 0., 0., 0.],
        [1., 1., 1.,  ..., 0., 0., 0.],
        ...,
        [0., 0., 0.,  ..., 1., 1., 1.],
        [0., 0., 0.,  ..., 1., 1., 1.],
        [0., 0., 0.,  ..., 1., 1., 1.]])
Shape: torch.Size([2708, 2708])
